[gd_scene load_steps=9 format=3 uid="uid://dy7x3knm44k6k"]

[ext_resource type="Script" uid="uid://o7mjphf3reax" path="res://comet/model/comet_skin.gd" id="1_ali11"]
[ext_resource type="PackedScene" uid="uid://juv6l4lflylj" path="res://comet/model/CometModel.gltf" id="2_ali11"]

[sub_resource type="AnimationNodeAnimation" id="AnimationNodeAnimation_ali11"]
animation = &"Idle"

[sub_resource type="AnimationNodeStateMachineTransition" id="AnimationNodeStateMachineTransition_sosry"]
advance_mode = 2

[sub_resource type="AnimationNodeStateMachine" id="AnimationNodeStateMachine_q43ii"]
states/Idle/node = SubResource("AnimationNodeAnimation_ali11")
states/Idle/position = Vector2(371, 52)
states/Start/position = Vector2(174, 72)
transitions = ["Start", "Idle", SubResource("AnimationNodeStateMachineTransition_sosry")]
graph_offset = Vector2(-8, -47)

[sub_resource type="StandardMaterial3D" id="StandardMaterial3D_ali11"]
transparency = 1
shading_mode = 2
vertex_color_use_as_albedo = true

[sub_resource type="BoxMesh" id="BoxMesh_sosry"]
material = SubResource("StandardMaterial3D_ali11")
size = Vector3(0.3, 0.3, 0.3)

[sub_resource type="Gradient" id="Gradient_q43ii"]
interpolation_mode = 2
offsets = PackedFloat32Array(0, 0.8287671, 1)
colors = PackedColorArray(1, 1, 1, 1, 1, 1, 1, 1, 1, 1, 1, 0)

[node name="CometSkin" type="Node3D"]
script = ExtResource("1_ali11")

[node name="CometMesh" parent="." instance=ExtResource("2_ali11")]
unique_name_in_owner = true

[node name="body" parent="CometMesh/character" index="0"]
transform = Transform3D(0.6969257, 0.7168693, 0.019820543, -0.7171433, 0.69665927, 0.019269481, 5.535781e-06, -0.027643567, 0.9996179, 0, 0.22916667, 0)

[node name="left_leg" parent="CometMesh/character/body" index="1"]
transform = Transform3D(0.5852284, -0.81055826, -0.022418538, 0.81086844, 0.5850048, 0.016173305, 5.545094e-06, -0.027643558, 0.9996178, 0, -0.19791667, -0.09375)

[node name="left_feet" parent="CometMesh/character/body/left_leg" index="1"]
transform = Transform3D(0.2164397, 0.9759477, -0.026075585, -0.976296, 0.21636249, -0.0057808203, 4.656613e-10, 0.026708692, 0.99964315, 0, -0.109375, 0)

[node name="right_leg" parent="CometMesh/character/body" index="2"]
transform = Transform3D(-0.58522826, -0.8105583, -0.022418538, 0.8108685, -0.5850047, -0.016173307, -5.539506e-06, -0.027643558, 0.9996178, 0.0625, -0.16666667, 0.09375)

[node name="right_feet" parent="CometMesh/character/body/right_leg" index="1"]
transform = Transform3D(0.5, 0.8657161, -0.023136195, -0.8660253, 0.49982148, -0.01335769, 0, 0.026715372, 0.999643, 0, -0.109375, 0)

[node name="head" parent="CometMesh/character/body" index="3"]
transform = Transform3D(0.8108685, -0.58500487, -0.016173309, 0.5852284, 0.81055844, 0.02241854, -5.5423006e-06, -0.027643569, 0.99961776, 0, 0.17708333, 0)

[node name="right_arm" parent="CometMesh/character/body" index="4"]
transform = Transform3D(0.9118098, -0.011209635, 0.4104593, 0.2508573, 0.8065933, -0.53523594, -0.32507393, 0.59100026, 0.7382719, 0, 0.098958336, 0.125)

[node name="left_arm" parent="CometMesh/character/body" index="5"]
transform = Transform3D(0.76113844, 0.31953138, -0.564418, -0.08640919, 0.91242355, 0.40002033, 0.6428075, -0.25569993, 0.7220913, 0, 0.098958336, -0.125)

[node name="AnimationTree" type="AnimationTree" parent="."]
unique_name_in_owner = true
root_node = NodePath("%CometMesh")
tree_root = SubResource("AnimationNodeStateMachine_q43ii")
anim_player = NodePath("../CometMesh/AnimationPlayer")

[node name="CPUParticles3D" type="CPUParticles3D" parent="."]
emitting = false
amount = 600
lifetime = 60.0
draw_order = 1
mesh = SubResource("BoxMesh_sosry")
direction = Vector3(0, -1, 0)
spread = 0.0
gravity = Vector3(0, 0, 0)
initial_velocity_min = 0.1
initial_velocity_max = 0.1
angle_min = 44.5
angle_max = 133.6
color_ramp = SubResource("Gradient_q43ii")

[editable path="CometMesh"]
